[1]
linear_k=0
z_right=-214
z_left=-214
x_right=768
x_left=2
linear_b=-214
slope_increase=1
slope_decrease=1
z_bottom=-359
y_far=0
y_near=291
slope_sign=1

[2]
linear_k=0.26780626780627
z_right=-120
z_left=-214
x_right=1089
x_left=738
linear_b=-411.64102564103
slope_increase=1.1665817700749
slope_decrease=0.83341822992513
z_bottom=-359
y_far=0
y_near=291
slope_sign=1

[3]
slope_sign=1
z_right=-120
z_left=-120
x_right=1196
x_left=1089
linear_b=-120
slope_increase=1
slope_decrease=1
tag_scene_transition=draft
z_bottom=-215
y_far=1
y_near=291
linear_k=0

